-0.025162154285811155 -0.025162154285811155 -0.0297807412832558 -0.034399328280700442 -0.034399328280700442 -0.013855760992333932 -0.013855760992333932 -0.010821929150343695 -0.0077880973083534555 -0.0063390206218176233 -0.0095085309327264354 -0.0095085309327264354 -0.0079237757772720289 -0.0063390206218176233 -0.0031695103109088117 0.0 0.0 0.0 0.0044789417451628916 0.013436825235488675 0.022394708725814456 0.022394708725814456 0.022394708725814456 0.017915766980651567 0.0089578834903257833 0.0 0.0 0.0 0.0 0.0 0.0 0.0 0.0 0.0 0.0 0.0 0.0 0.0 0.0 0.0 0.0 0.0 0.0 0.0 0.0 0.0 0.0 0.0 0.0 0.0 
-0.025162154285811155 -0.035433937929994413 -0.040052524927439055 -0.044671111924883697 -0.044671111924883697 -0.024127544636517187 -0.013855760992333932 -0.010821929150343695 -0.0077880973083534555 -0.0063390206218176233 -0.0095085309327264354 -0.011093286088180842 -0.0095085309327264354 -0.0079237757772720289 -0.0047542654663632177 -0.0015847551554544058 0.0044789417451628916 0.0044789417451628916 0.0089578834903257833 0.017915766980651567 0.026873650470977346 0.022394708725814456 0.022394708725814456 0.017915766980651567 0.0089578834903257833 0.0 0.0 0.0 0.0 0.0 0.0 0.0 0.0 0.0 0.0 0.0 0.0 0.0 0.0 0.0 0.0 0.0 0.0 0.0 0.0 0.0 0.0 0.0 0.0 0.0 
-0.030815350932549765 -0.04108713457673302 -0.045705721574177668 -0.05032430857162231 -0.05032430857162231 -0.0297807412832558 -0.019508957639072545 -0.010821929150343695 -0.0077880973083534555 -0.0063390206218176233 -0.0095085309327264354 -0.011093286088180842 -0.0095085309327264354 -0.0079237757772720289 -0.0047542654663632177 -0.0015847551554544058 0.0044789417451628916 0.013436825235488675 0.017915766980651567 0.026873650470977346 0.035831533961303126 0.031352592216140236 0.022394708725814456 0.017915766980651567 0.0089578834903257833 0.0 0.0 0.0 0.0 0.0 0.0 0.0 0.0 0.0 0.0 0.0 0.0 0.0 0.0 0.0 0.0 0.0 0.0 0.0 0.0 0.0 0.0 0.0 0.0 0.0 
-0.036468547579288378 -0.046740331223471633 -0.051358918220916275 -0.056018450873272972 -0.056018450873272972 -0.035474883584906455 -0.025203099940723204 -0.016516071451994355 -0.0062033421528990499 -0.0047542654663632177 -0.0079237757772720289 -0.0095085309327264354 -0.0079237757772720289 -0.0079237757772720289 -0.0047542654663632177 -0.0015847551554544058 0.0044789417451628916 0.013436825235488675 0.013436825235488675 0.022394708725814456 0.031352592216140236 0.026873650470977346 0.017915766980651567 0.017915766980651567 0.0089578834903257833 0.0 0.0 0.0 0.0 0.0 0.0 0.0 0.0 0.0 0.0 0.0 0.0 0.0 0.0 0.0 0.0 0.0 0.0 0.0 0.0 0.0 0.0 0.0 0.0 0.0 
-0.043156353875320956 -0.053428137519504211 -0.058046724516948853 -0.062706257169305543 -0.072025322474018938 -0.051481755185652428 -0.041209971541469173 -0.032522943052740325 -0.022210213753645017 -0.0015847551554544058 -0.0047542654663632177 -0.0063390206218176233 -0.0047542654663632177 -0.0047542654663632177 -0.0047542654663632177 -0.0015847551554544058 0.0044789417451628916 0.013436825235488675 0.013436825235488675 0.013436825235488675 0.022394708725814456 0.017915766980651567 0.0089578834903257833 0.0089578834903257833 0.0089578834903257833 0.0 0.0 0.0 0.0 0.0 0.0 0.0 0.0 0.0 0.0 0.0 0.0 0.0 0.0 0.0 0.0 0.0 0.0 0.0 0.0 0.0 0.0 0.0 0.0 0.0 
-0.043238245185145061 -0.053510028829328316 -0.058128615826772957 -0.062788148479129641 -0.072107213783843035 -0.051481755185652428 -0.041209971541469173 -0.032522943052740325 -0.022210213753645017 -0.0015847551554544058 -0.0015847551554544058 -0.0031695103109088117 -0.0015847551554544058 -0.0015847551554544058 -0.0015847551554544058 -0.0015847551554544058 0.0044789417451628916 0.013436825235488675 0.013436825235488675 0.013436825235488675 0.013436825235488675 0.0089578834903257833 0.0 0.0 0.0 0.0 0.0 0.0 0.0 0.0 0.0 0.0 0.0 0.0 0.0 0.0 0.0 0.0 0.0 0.0 0.0 0.0 0.0 0.0 0.0 0.0 0.0 0.0 0.0 0.0 
-0.043238245185145061 -0.053550974484240364 -0.058169561481685006 -0.062829094134041696 -0.072148159438755091 -0.051522700840564477 -0.041209971541469173 -0.032522943052740325 -0.022210213753645017 -0.0015847551554544058 -0.0015847551554544058 -0.0015847551554544058 0.0 0.0 0.0 0.0 0.0 0.0089578834903257833 0.0089578834903257833 0.0089578834903257833 0.0089578834903257833 0.0089578834903257833 0.0 0.0 0.0 0.0 0.0 0.0 0.0 0.0 0.0 0.0 0.0 0.0 0.0 0.0 0.0 0.0 0.0 0.0 0.0 0.0 0.0 0.0 0.0 0.0 0.0 0.0 0.0 0.0 
-0.037585048538406447 -0.047897777837501751 -0.068523236435692358 -0.073182769088049063 -0.082501834392762444 -0.061876375794571829 -0.051563646495476526 -0.030938187897285918 -0.020625458598190611 0.0 0.0 0.0 0.0 0.0 0.0 0.0 0.0 0.0 0.0 0.0 0.0 0.0 0.0 0.0 0.0 0.0 0.0 0.0 0.0 0.0 0.0 0.0 0.0 0.0 0.0 0.0 0.0 0.0 0.0 0.0 0.0 0.0 0.0 0.0 0.0 0.0 0.0 0.0 0.0 0.0 
-0.031931851891667834 -0.042244581190763138 -0.062870039788953752 -0.062870039788953752 -0.072189105093667133 -0.051563646495476526 -0.041250917196381222 -0.020625458598190611 -0.020625458598190611 0.0 0.0 0.0 0.0 0.0 0.0 0.0 0.0 0.0 0.0 0.0 0.0 0.0 0.0 0.0 0.0 0.0 0.0 0.0 0.0 0.0 0.0 0.0 0.0 0.0 0.0 0.0 0.0 0.0 0.0 0.0 0.0 0.0 0.0 0.0 0.0 0.0 0.0 0.0 0.0 0.0 
-0.020625458598190611 -0.030938187897285918 -0.051563646495476526 -0.051563646495476526 -0.051563646495476526 -0.030938187897285918 -0.020625458598190611 0.0 0.0 0.0 0.0 0.0 0.0 0.0 0.0 0.0 0.0 0.0 0.0 0.0 0.0 0.0 0.0 0.0 0.0 0.0 0.0 0.0 0.0 0.0 0.0 0.0 0.0 0.0 0.0 0.0 0.0 0.0 0.0 0.0 0.0 0.0 0.0 0.0 0.0 0.0 0.0 0.0 0.0 0.0 
0.0 -0.010312729299095305 -0.030938187897285918 -0.030938187897285918 -0.030938187897285918 -0.030938187897285918 -0.020625458598190611 0.0 0.0 0.0 0.0 0.0 0.0 0.0 0.0 0.0 0.0 0.0 0.0 0.0 0.0 0.0 0.0 0.0 0.0 0.0 0.0 0.0 0.0 0.0 0.0 0.0 0.0 0.0 0.0 0.0 0.0 0.0 0.0 0.0 0.0 0.0 0.0 0.0 0.0 0.0 0.0 0.0 0.0 0.0 
0.0 0.0 -0.020625458598190611 -0.020625458598190611 -0.020625458598190611 -0.020625458598190611 -0.020625458598190611 0.0 0.0 0.0 0.0 0.0 0.0 0.0 0.0 0.0 0.0 0.0 0.0 0.0 0.0 0.0 0.0 0.0 0.0 0.0 0.0 0.0 0.0 0.0 0.0 0.0 0.0 0.0 0.0 0.0 0.0 0.0 0.0 0.0 0.0 0.0 0.0 0.0 0.0 0.0 -0.0082498706894297558 -0.0082498706894297558 -0.0082498706894297558 -0.0082498706894297558 
0.0 0.0 0.0 0.0 0.0 0.0 0.0 0.0 0.0 0.0 0.0 0.0 0.0 0.0 0.0 0.0 0.0 0.0040791421368685859 0.0040791421368685859 0.0040791421368685859 0.0040791421368685859 0.0040791421368685859 0.0 0.0 0.0 0.0 0.0 0.0 0.0 0.0 0.0 0.0 0.0 0.0 0.0 0.0 0.0 0.0 0.0 0.0 0.0 0.0 -0.016499741378859512 -0.016499741378859512 -0.016499741378859512 -0.016499741378859512 -0.024749612068289267 -0.0082498706894297558 -0.0082498706894297558 -0.0082498706894297558 
0.0 0.0 0.0 0.0 0.0 0.0 0.0 0.0 0.0 0.0 0.0 0.0 0.0 0.0040791421368685859 0.0040791421368685859 0.0040791421368685859 0.0040791421368685859 0.0081582842737371718 0.0040791421368685859 0.0040791421368685859 0.0040791421368685859 0.0040791421368685859 0.0 0.0 0.0 0.0 0.0 0.0 0.0 0.0 0.0 0.0 0.0 0.0 0.0 0.0 0.0 0.0 0.0 0.0 0.0 0.0 -0.016499741378859512 -0.024749612068289267 -0.024749612068289267 -0.024749612068289267 -0.032999482757719023 -0.016499741378859512 -0.0082498706894297558 -0.0082498706894297558 
0.0 0.0 0.0 0.0 0.0 0.0 0.0 0.0 0.0 0.0 0.0 0.0 0.0 0.0040791421368685859 0.012237426410605757 0.012237426410605757 0.012237426410605757 0.016316568547474344 0.012237426410605757 0.0040791421368685859 0.0040791421368685859 0.0040791421368685859 0.0 0.0 0.0 0.0 0.0 0.0 0.0 0.0045838198815436534 0.0045838198815436534 0.0045838198815436534 0.0045838198815436534 0.0045838198815436534 0.0 0.0 0.0 0.0 0.0 0.0 0.0 0.0 -0.016499741378859512 -0.024749612068289267 -0.041249353447148779 -0.041249353447148779 -0.049499224136578535 -0.032999482757719023 -0.024749612068289267 -0.0082498706894297558 
0.0 0.0 0.0 0.0 0.0 0.0 0.0 0.0 0.0 0.0 0.0 0.0 0.0 0.0040791421368685859 0.012237426410605757 0.02039571068434293 0.02039571068434293 0.024474852821211517 0.02039571068434293 0.012237426410605757 0.0040791421368685859 0.0040791421368685859 0.0 0.0 0.0 0.0 0.0 0.0 0.0 0.0045838198815436534 0.01375145964463096 0.01375145964463096 0.01375145964463096 0.01375145964463096 0.0091676397630873069 0.0 0.0 0.0 0.0 0.0 0.0 0.0 -0.016499741378859512 -0.024749612068289267 -0.041249353447148779 -0.05774909482600829 -0.065998965515438046 -0.049499224136578535 -0.041249353447148779 -0.024749612068289267 
0.0 0.0 0.0 0.0 0.0 0.0 0.0 0.0 0.0 0.0 0.0 0.0 0.0 0.0040791421368685859 0.012237426410605757 0.02039571068434293 0.024474852821211517 0.028553994958080104 0.024474852821211517 0.016316568547474344 0.0081582842737371718 0.0040791421368685859 0.0 0.0 0.0 0.0 0.0 0.0 0.0 0.0045838198815436534 0.01375145964463096 0.018335279526174614 0.018335279526174614 0.018335279526174614 0.01375145964463096 0.0045838198815436534 0.0 0.0 0.0 0.0 0.0 0.0 -0.016499741378859512 -0.024749612068289267 -0.041249353447148779 -0.05774909482600829 -0.069263998357710133 -0.052764256978850621 -0.044514386289420865 -0.028014644910561357 
0.0 0.0 0.0 0.0 0.0 0.0 0.0 0.0 0.0 0.0 0.0 0.0 0.0 0.0040791421368685859 0.012237426410605757 0.02039571068434293 0.024474852821211517 0.028553994958080104 0.024474852821211517 0.016316568547474344 0.0081582842737371718 0.0040791421368685859 0.0 0.0 0.0 0.0 0.0 0.0 0.0 0.0045838198815436534 0.01375145964463096 0.018335279526174614 0.027502919289261921 0.027502919289261921 0.022919099407718267 0.01375145964463096 0.0091676397630873069 0.0 0.0 0.0 0.0 0.0 0.0 -0.0082498706894297558 -0.024749612068289267 -0.041249353447148779 -0.052764256978850621 -0.078827321948102547 -0.070577451258672791 -0.054077709879813279 
0.0 0.0 0.0 0.0 0.0 0.0 0.0 0.0 0.0 0.0 0.0 0.0 0.0 0.0 0.0081582842737371718 0.016316568547474344 0.02039571068434293 0.024474852821211517 0.024474852821211517 0.016316568547474344 0.0081582842737371718 0.0040791421368685859 0.0 0.0 0.0 0.0 0.0 0.0 0.0 0.0045838198815436534 0.01375145964463096 0.018335279526174614 0.027502919289261921 0.032086739170805574 0.027502919289261921 0.018335279526174614 0.01375145964463096 0.0045838198815436534 0.0 0.0 0.0 0.0 0.0 -0.0030332579058482342 -0.019532999284707746 -0.036032740663567257 -0.047547644195269106 -0.073610709164521018 -0.082092354790374633 -0.065592613411515122 
0.0 0.0 0.0 0.0 0.0 0.0 0.0 0.0 0.0 0.0 0.0 0.0 0.0 0.0 0.0 0.0081582842737371718 0.012237426410605757 0.016316568547474344 0.016316568547474344 0.016316568547474344 0.0081582842737371718 0.0040791421368685859 0.0 0.0 0.0 0.0 0.0 0.0 0.0 0.0045838198815436534 0.01375145964463096 0.018335279526174614 0.027502919289261921 0.032086739170805574 0.027502919289261921 0.018335279526174614 0.01375145964463096 0.0045838198815436534 0.0 0.0 0.0 0.0 0.0 -0.0030332579058482342 -0.0090997737175447027 -0.025599515096404214 -0.037114418628106063 -0.063177483597357975 -0.07165912922321159 -0.08862242047491882 
0.0 0.0 0.0 0.0 0.0 0.0 0.0 0.0 0.0 0.0 0.0 0.0 0.0 0.0 0.0 0.0 0.0040791421368685859 0.0081582842737371718 0.0081582842737371718 0.0081582842737371718 0.0081582842737371718 0.0040791421368685859 0.0 0.0 0.0 0.0 0.0 0.0 0.0 0.0045838198815436534 0.0045838198815436534 0.0091676397630873069 0.018335279526174614 0.022919099407718267 0.018335279526174614 0.020065866973483573 0.01548204709193992 0.0063144073288526129 0.0017305874473089592 0.0017305874473089592 0.0 0.0 0.0 -0.0030332579058482342 -0.0090997737175447027 -0.038196096592644863 -0.049711000124346705 -0.07577406509359863 -0.084255710719452245 -0.10121900197115946 
0.0 0.0 0.0 0.0 0.0 0.0 0.0 0.0 0.0 0.0 0.0 0.0 0.0 0.0 0.0 0.0 0.0 0.0040791421368685859 0.0040791421368685859 0.0040791421368685859 0.0040791421368685859 0.0040791421368685859 0.0 0.0 0.0 0.0 0.0 0.0 0.0 0.0045838198815436534 0.0045838198815436534 0.0045838198815436534 0.01375145964463096 0.018335279526174614 0.01375145964463096 0.01548204709193992 0.016347340815594399 0.0071797010525070926 0.0025958811709634387 0.0025958811709634387 0.0008652937236544796 0.0 0.0 -0.0030332579058482342 -0.0090997737175447027 -0.038196096592644863 -0.041229354498493097 -0.067292419467745029 -0.07577406509359863 -0.09273735634530586 
0.0 0.0 0.0 0.0 0.0 0.0 0.0 0.0 0.0 0.0 0.0 0.0 0.0 0.0 0.0 0.0 0.0 0.0 0.0 0.0 0.0 0.0 0.0 0.0 0.0 0.0 0.0 0.0 0.0 0.0045838198815436534 0.0045838198815436534 0.0045838198815436534 0.0045838198815436534 0.0091676397630873069 0.0045838198815436534 0.0063144073288526129 0.0071797010525070926 0.008910288499816052 0.0043264686182723977 0.0043264686182723977 0.0025958811709634387 0.0017305874473089592 0.0 -0.0030332579058482342 -0.0090997737175447027 -0.038196096592644863 -0.041229354498493097 -0.044262612404341331 -0.052744258030194946 -0.069707549281902176 
0.0 0.0 0.0 0.0 0.0 0.0 0.0 0.0 0.0 0.0 0.0 0.0 0.0 0.0 0.0 0.0 0.0 0.0 0.0 0.0 0.0 0.0 0.0 0.0 0.0 0.0 0.0 0.0 0.0 0.0045838198815436534 0.0045838198815436534 0.0045838198815436534 0.0045838198815436534 0.0045838198815436534 0.0 0.0017305874473089592 0.0025958811709634387 0.0043264686182723977 0.0051917623419268774 0.0051917623419268774 0.0034611748946179184 0.0025958811709634387 0.0008652937236544796 0.0 -0.0060665158116964685 -0.035162838686796628 -0.038196096592644863 -0.041229354498493097 -0.041229354498493097 -0.05819264575020032 
0.0 0.0 0.0 0.0 0.0 0.0 0.0 0.0 0.0 0.0 0.0 0.0 0.0 0.0 0.0 0.0 0.0 0.0 0.0 0.0 0.0 0.0 0.0 0.0 0.0 0.0 0.0 0.0 0.0 0.0 0.0 0.0 0.0 0.0 0.0 0.0017305874473089592 0.0025958811709634387 0.0043264686182723977 0.0051917623419268774 0.0069223497892358368 0.0051917623419268774 0.0043264686182723977 0.0025958811709634387 0.0017305874473089592 0.0 -0.02909632287510016 -0.032129580780948394 -0.035162838686796628 -0.035162838686796628 -0.035162838686796628 
0.0 0.0 0.0 0.0 0.0 0.0 0.0 0.0 0.0 0.0 0.0 0.0 0.0 0.0 0.0 0.0 0.0 0.0 0.0 0.0 0.0 0.0 0.0 0.0 0.0 0.0 0.0 0.0 0.0 0.0 0.0 0.0 0.0 0.0 0.0 0.0 0.0008652937236544796 0.0025958811709634387 0.0034611748946179184 0.0051917623419268774 0.0051917623419268774 0.0043264686182723977 0.0025958811709634387 0.0017305874473089592 0.0 0.0 -0.0030332579058482342 -0.0060665158116964685 -0.0060665158116964685 -0.0060665158116964685 
0.0 0.0 0.0 0.0 0.0 0.0 0.0 0.0 0.0 0.0 0.0 0.0 0.0 0.0 0.0 0.0 0.0 0.0 0.0 0.0 0.0 0.0 0.0 0.0 0.0 0.0 0.0 0.0 0.0 0.0 0.0 0.0 0.0 0.0 0.0 0.0 0.0 0.0017305874473089592 0.0025958811709634387 0.0043264686182723977 0.0043264686182723977 0.0043264686182723977 0.0025958811709634387 0.0017305874473089592 0.0 0.0 0.0 -0.0030332579058482342 -0.0030332579058482342 -0.0030332579058482342 
0.0 0.0 0.0 0.0 0.0 0.0 0.0 0.0 0.0 0.0 0.0 0.0 0.0 0.0 0.0 0.0 0.0 0.0 0.0 0.0 0.0 0.0 0.0 0.0 0.0 0.0 0.0 0.0 0.0 0.0 0.0 0.0 0.0 0.0 0.0 0.0 0.0 0.0 0.0008652937236544796 0.0025958811709634387 0.0025958811709634387 0.0025958811709634387 0.0025958811709634387 0.0017305874473089592 0.0 0.0 0.0 0.0 0.0 0.0 
0.0 0.0 0.0 0.0 0.0 0.0 0.0 0.0 0.0 0.0 0.0 0.0 0.0 0.0 0.0 0.0 0.0 0.0 0.0 0.0 0.0 0.0 0.0 0.0 0.0 0.0 0.0 0.0 0.0 0.0 0.0 0.0 0.0 0.0 0.0 0.0 0.0 0.0 0.0 0.0017305874473089592 0.0017305874473089592 0.0017305874473089592 0.0017305874473089592 0.0017305874473089592 0.0 0.0 0.0 0.0 0.0 0.0 
0.0 0.0 0.0 0.0 0.0 0.0 0.0 0.0 0.0 0.0 0.0 0.0 0.0 0.0 0.0 0.0 0.0 0.0 0.0 0.0 0.0 0.0 0.0 0.0 0.0 0.0 0.0 0.0 0.0 0.0 0.0 0.0 0.0 0.0 0.0 0.0 0.0 0.0 0.0 0.0 0.0 0.0 0.0 0.0 0.0 0.0 0.0 0.0 0.0 0.0 
0.0 0.0 0.0 0.0 0.0 0.0 0.0 0.0 0.0 0.0 0.0 0.0 0.0 0.0 0.0 0.0 0.0 0.0 0.0 0.0 -0.019613615244411142 -0.019613615244411142 -0.019613615244411142 -0.019613615244411142 -0.019613615244411142 0.0 0.0 0.0 0.0 0.0 0.0 0.0 0.0 0.0 0.0 0.0 0.0 0.0 0.0 0.0 0.0 0.0 0.0 0.0 0.0 0.0 0.0 0.0 0.0 0.0 
0.0 0.0 0.0 0.0 0.0 0.0 0.0 0.0 0.0 0.0 0.0 0.0 0.0 0.0 0.0 0.0 0.0 0.0 0.0 0.0 -0.019613615244411142 -0.029420422866616711 -0.029420422866616711 -0.029420422866616711 -0.029420422866616711 -0.0098068076222055708 0.0 0.0 0.0 0.0 0.0 0.0 0.0 0.0 0.0 0.0 0.0 0.0 0.0 0.0 0.0 0.0 0.0 0.0 0.0 0.0 0.0 0.0 0.0 0.0 
0.0 0.0 0.0 0.0 0.0 0.0 0.0 0.0 0.0 0.0 0.0 0.0 0.0 0.0 0.0 0.0 0.0 -0.0098068076222055708 -0.0098068076222055708 -0.0098068076222055708 -0.029420422866616711 -0.039227230488822283 -0.039227230488822283 -0.039227230488822283 -0.039227230488822283 -0.019613615244411142 -0.0098068076222055708 0.0 0.0 0.0 0.0 0.0 0.0 0.0 0.0 0.0 0.0 0.0 0.0 0.0 0.0 0.0 0.0 0.0 0.0 0.0 0.0 0.0 0.0 0.0 
0.0 0.0 0.0 0.0 0.0 0.0 0.0 0.0 0.0 0.0 0.0 0.0 0.0 0.0 0.0 0.0 0.0 -0.0098068076222055708 -0.019613615244411142 -0.019613615244411142 -0.039227230488822283 -0.049034038111027856 -0.049034038111027856 -0.039227230488822283 -0.039227230488822283 -0.019613615244411142 -0.0098068076222055708 0.0 0.0 0.0 0.0 0.0 0.0 0.0 0.0 0.0 0.0 0.0 0.0 0.0 0.0 0.0 0.0 0.0 0.0 0.0 0.0 0.0 0.0 0.0 
0.0 0.0 0.0 0.0 0.0 0.0 0.0 0.0 0.0 0.0 0.0 0.0 0.0 0.0 0.0 0.0 0.0 -0.0098068076222055708 -0.019613615244411142 -0.039227230488822283 -0.058840845733233428 -0.068647653355439001 -0.068647653355439001 -0.058840845733233428 -0.039227230488822283 -0.019613615244411142 -0.0098068076222055708 0.0 0.0 0.0 0.0 0.0 0.0 0.0 0.0 0.0 0.0 0.0 0.0 0.0 0.0 0.0 0.0 0.0 0.0 0.0 0.0 0.0 0.0 0.0 
0.0 0.0 0.0 0.0 0.0 0.0 0.0 0.0 0.0 0.0 0.0 0.0 0.0 0.0 0.0 0.0 0.0 -0.0098068076222055708 -0.019613615244411142 -0.039227230488822283 -0.039227230488822283 -0.049034038111027856 -0.049034038111027856 -0.039227230488822283 -0.019613615244411142 -0.019613615244411142 -0.0098068076222055708 0.0 0.0 0.0 0.0 0.0 0.0 0.0 0.0 0.0 0.0 0.0 0.0 0.0 0.0 0.0 0.0 0.0 0.0 0.0 0.0 0.0 0.0 0.0 
0.0 0.0 0.0 0.0 0.0 0.0 0.0 0.0 0.0 0.0 0.0 0.0 0.0 0.0 0.0 0.0 0.0 -0.0098068076222055708 -0.019613615244411142 -0.039227230488822283 -0.039227230488822283 -0.039227230488822283 -0.039227230488822283 -0.029420422866616711 -0.0098068076222055708 -0.0098068076222055708 -0.0098068076222055708 0.0 0.0 0.0 0.0 0.0 0.0 0.0 0.0 0.0 0.0 0.0 0.0 0.0 0.0 0.0 0.0 0.0 0.0 0.0 0.0 0.0 0.0 0.0 
0.0 0.0 0.0 0.0 0.0 0.0 0.0 0.0 0.0 0.0 0.0 0.0 0.0 0.0 0.0 0.0 0.0 0.0 -0.0098068076222055708 -0.029420422866616711 -0.029420422866616711 -0.029420422866616711 -0.029420422866616711 -0.019613615244411142 0.0 0.0 0.0 0.0 0.0 0.0 0.0 0.0 0.0 0.0 0.0 0.0 0.0 0.0 0.0 0.0 0.0 0.0 0.0 0.0 0.0 0.0 0.0 0.0 0.0 0.0 
0.0 0.0 0.0 0.0 0.0 0.0 0.0 0.0 0.0 0.0 0.0 0.0 0.0 -0.0048772991412983028 -0.0048772991412983028 -0.0048772991412983028 -0.0048772991412983028 -0.0048772991412983028 0.0 -0.019613615244411142 -0.019613615244411142 -0.019613615244411142 -0.019613615244411142 -0.019613615244411142 0.0 0.0 0.0 0.0 0.0 0.0 0.0 0.0 0.0 -0.0072205713467305352 -0.0072205713467305352 -0.0072205713467305352 -0.0072205713467305352 -0.0072205713467305352 0.0 0.0 0.0 0.0 0.0 0.0 0.0 0.0 0.0 0.0 0.0 0.0 
0.0 0.0 0.0 0.0 0.0 0.0 0.0 0.0 0.0 0.00074420718485976734 0.00074420718485976734 0.00074420718485976734 0.00074420718485976734 -0.0041330919564385353 -0.015376104608754675 -0.015376104608754675 -0.015376104608754675 -0.015376104608754675 -0.010498805467456372 0.0 0.0 0.0 0.0 0.0 0.0 0.0 0.0 0.0 0.0 0.0 0.0 0.0 0.0 -0.0072205713467305352 -0.021661714040191606 -0.021661714040191606 -0.021661714040191606 -0.021661714040191606 -0.01444114269346107 0.0 0.0 0.0 0.0 0.0 0.0 0.0 0.0 0.0 0.0 0.0 
0.0 0.0 0.0 0.0 0.0 0.0 0.0 0.0 0.0 0.00074420718485976734 0.0022326215545793019 0.0022326215545793019 0.0022326215545793019 -0.0026446775867190009 -0.013887690239035142 -0.026619117261070815 -0.026619117261070815 -0.026619117261070815 -0.021741818119772514 -0.01124301265231614 0.0 0.0 0.0 0.0 0.0 0.0 0.0 0.0 0.0 0.0 -0.0072205713467305352 -0.0072205713467305352 -0.0072205713467305352 -0.01444114269346107 -0.028882285386922141 -0.028882285386922141 -0.028882285386922141 -0.028882285386922141 -0.021661714040191606 -0.0072205713467305352 0.0 0.0 0.0 0.0 0.0 0.0 0.0 0.0 0.0 0.0 
0.0 0.0 0.0 0.0 0.0 0.0 0.0 0.0 0.0 0.00074420718485976734 0.0022326215545793019 -0.0026446775867190009 -0.0026446775867190009 -0.0075219767280173041 -0.018764989380333445 -0.031496416402369116 -0.026619117261070815 -0.026619117261070815 -0.021741818119772514 -0.01124301265231614 0.0 0.0 0.0 0.0 0.0 0.0 0.0 0.0 0.0 0.0 -0.0072205713467305352 -0.01444114269346107 -0.01444114269346107 -0.021661714040191606 -0.036102856733652676 -0.036102856733652676 -0.028882285386922141 -0.028882285386922141 -0.021661714040191606 -0.0072205713467305352 0.0 0.0 0.0 0.0 0.0 0.0 0.0 0.0 0.0 0.0 
0.0 0.0 0.01215471573169793 0.01215471573169793 0.01215471573169793 0.01215471573169793 0.01215471573169793 0.0 0.0 0.00074420718485976734 0.0022326215545793019 -0.0026446775867190009 -0.012399275869315607 -0.017276575010613908 -0.02851958766293005 -0.041251014684965719 -0.036373715543667418 -0.026619117261070815 -0.021741818119772514 -0.01124301265231614 0.0 0.0 0.0 0.0 0.0 0.0 0.0 0.0 0.0 0.0 -0.0072205713467305352 -0.01444114269346107 -0.028882285386922141 -0.036102856733652676 -0.050543999427113746 -0.050543999427113746 -0.043323428080383211 -0.028882285386922141 -0.021661714040191606 -0.0072205713467305352 0.0 0.0 0.0 0.0 0.0 0.0 0.0 0.0 0.0 0.0 
0.0 0.0 0.01215471573169793 0.018232073597546895 0.018232073597546895 0.018232073597546895 0.018232073597546895 0.0060773578658489648 0.0 0.00074420718485976734 0.0022326215545793019 -0.0026446775867190009 -0.012399275869315607 -0.012399275869315607 -0.023642288521631749 -0.036373715543667418 -0.031496416402369116 -0.021741818119772514 -0.021741818119772514 -0.01124301265231614 0.0 0.0 0.0 0.0 0.0 0.0 0.0 0.0 0.0 0.0 -0.0072205713467305352 -0.01444114269346107 -0.028882285386922141 -0.028882285386922141 -0.043323428080383211 -0.043323428080383211 -0.036102856733652676 -0.021661714040191606 -0.021670662037233879 -0.0072295193437728082 -8.9479970422727512e-06 -8.9479970422727512e-06 -8.9479970422727512e-06 0.0 0.0 0.0 0.0 0.0 0.0 0.0 
0.0 0.0 0.01215471573169793 0.018232073597546895 0.040358938010321706 0.040358938010321706 0.040358938010321706 0.028204222278623774 0.02212686441277481 0.0 0.0014884143697195347 -0.0033888847715787679 -0.013143483054175373 -0.013143483054175373 -0.013143483054175373 -0.025874910076211045 -0.020997610934912744 -0.01124301265231614 -0.01124301265231614 -0.012875481875709254 -0.0016324692233931138 -0.0016324692233931138 -0.0016324692233931138 -0.0016324692233931138 0.0 0.0 0.0 0.0 0.0 0.0 -0.0072205713467305352 -0.01444114269346107 -0.028882285386922141 -0.028882285386922141 -0.028882285386922141 -0.028882285386922141 -0.021661714040191606 -0.0072205713467305352 -0.0072295193437728082 -0.0072474153378573542 -2.6843991126818252e-05 -2.6843991126818252e-05 -2.6843991126818252e-05 -1.7895994084545502e-05 0.0 0.0 0.0 0.0 0.0 0.0 
0.0 0.0 0.01215471573169793 0.018232073597546895 0.040358938010321706 0.062485802423096523 0.062485802423096523 0.050331086691398588 0.044253728825549621 0.02212686441277481 0.0 -0.0048772991412983028 -0.014631897423894908 -0.014631897423894908 -0.014631897423894908 -0.014631897423894908 -0.0097545982825966056 0.0 0.0 -0.0016324692233931138 -0.0048974076701793412 -0.0048974076701793412 -0.0048974076701793412 -0.0048974076701793412 -0.0032649384467862276 0.0 0.0 0.0 0.0 0.0 0.0 -0.0072205713467305352 -0.021661714040191606 -0.021661714040191606 -0.021661714040191606 -0.02167961003427615 -0.014459038687545615 -1.7895994084545502e-05 -2.6843991126818252e-05 -4.4739985211363758e-05 -2.6843991126818252e-05 -2.6843991126818252e-05 -2.6843991126818252e-05 -1.7895994084545502e-05 0.0 0.0 0.0 0.0 0.0 0.0 
0.0 0.0049860743405384404 0.017140790072236369 0.023218147938085337 0.045345012350860144 0.067471876763634961 0.068563160288945491 0.056408444557247556 0.050331086691398588 0.028204222278623774 0.0060773578658489648 0.0 -0.0097545982825966056 -0.0097545982825966056 -0.0097545982825966056 -0.0097545982825966056 -0.0097545982825966056 0.0 0.0 -0.0016324692233931138 -0.0048974076701793412 -0.0065298768935724552 -0.0065298768935724552 -0.0065298768935724552 -0.0048974076701793412 -0.0016324692233931138 0.0 0.0 0.0 0.0 0.0 0.0 -0.01444114269346107 -0.01444114269346107 -0.01444114269346107 -0.014459038687545615 -0.014467986684587887 -2.6843991126818252e-05 -3.5791988169091005e-05 -5.368798225363651e-05 -3.5791988169091005e-05 -2.6843991126818252e-05 -2.6843991126818252e-05 -1.7895994084545502e-05 0.0 0.0 0.0 0.0 0.0 0.0 
0.0 0.0049860743405384404 0.01495822302161532 0.021035580887464288 0.043162445300239091 0.065289309713013902 0.066380593238324431 0.056408444557247556 0.050331086691398588 0.028204222278623774 0.0060773578658489648 0.0 0.0 0.0 0.0 0.0 0.0 0.0 0.0 -0.0016324692233931138 -0.0048974076701793412 -0.0065298768935724552 -0.0097948153403586823 -0.0097948153403586823 -0.0081623461169655683 -0.0048974076701793412 -0.0032649384467862276 0.0 0.0 0.0 0.0 0.0 0.0 0.0 0.0 -1.7895994084545502e-05 -2.6843991126818252e-05 -4.4739985211363758e-05 -5.368798225363651e-05 -7.1583976338182009e-05 -5.368798225363651e-05 -4.4739985211363758e-05 -2.6843991126818252e-05 -1.7895994084545502e-05 0.0 0.0 0.0 0.0 0.0 0.0 
0.0 0.0049860743405384404 0.01495822302161532 0.019944297362153762 0.042071161774928569 0.064198026187703372 0.065289309713013902 0.055317161031937026 0.050331086691398588 0.028204222278623774 0.0060773578658489648 0.0 0.0 0.0 0.0 0.0 0.0 0.0 0.0 -0.0016324692233931138 -0.0048974076701793412 -0.0065298768935724552 -0.0097948153403586823 -0.011427284563751796 -0.0097948153403586823 -0.0065298768935724552 -0.0048974076701793412 -0.0016324692233931138 0.0 0.0 0.0 0.0 0.0 0.0 0.0 -1.7895994084545502e-05 -2.6843991126818252e-05 -4.4739985211363758e-05 -4.4739985211363758e-05 -6.2635979295909256e-05 -4.4739985211363758e-05 -3.5791988169091005e-05 -1.7895994084545502e-05 -1.7895994084545502e-05 0.0 0.0 0.0 0.0 0.0 0.0 
0.0 0.0049860743405384404 0.01495822302161532 0.019944297362153762 0.019944297362153762 0.042071161774928569 0.043162445300239098 0.033190296619162216 0.028204222278623774 0.028204222278623774 0.0060773578658489648 0.0 0.0 0.0 0.0 0.0 0.0 0.0 0.0 -0.0016324692233931138 -0.0048974076701793412 -0.0065298768935724552 -0.0097948153403586823 -0.011427284563751796 -0.0097948153403586823 -0.0065298768935724552 -0.0048974076701793412 -0.0016324692233931138 0.0 0.0 0.0 0.0 0.0 0.0 0.0 -1.7895994084545502e-05 -2.6843991126818252e-05 -4.4739985211363758e-05 -4.4739985211363758e-05 -4.4739985211363758e-05 -2.6843991126818252e-05 -1.7895994084545502e-05 0.0 0.0 0.0 0.0 0.0 0.0 0.0 0.0 
